world: 1b4ec6d1-f711-43d5-a3c9-f78f06c29b1a
world-name: world
x: 6.563643948217784
y: 78.0625
z: 0.501139808478932
yaw: 91.20339965820312
pitch: 8.500463485717773
name: case
lastowner: 93b34a0b-c063-3ada-a38f-8f580cb0245a
