world: 1b4ec6d1-f711-43d5-a3c9-f78f06c29b1a
world-name: world
x: -88.52721172729355
y: 87.0625
z: 0.15900666571945238
yaw: -0.15002776682376862
pitch: 10.44999885559082
name: end
lastowner: 93b34a0b-c063-3ada-a38f-8f580cb0245a
