world: 1b4ec6d1-f711-43d5-a3c9-f78f06c29b1a
world-name: world
x: -43.85645711801381
y: 80.0
z: 40.5443646590463
yaw: 91.5034408569336
pitch: 12.100691795349121
name: mining
lastowner: 93b34a0b-c063-3ada-a38f-8f580cb0245a
