world: 1b4ec6d1-f711-43d5-a3c9-f78f06c29b1a
world-name: world
x: 0.18592008535338023
y: 80.0
z: -82.94152878238779
yaw: -179.9989471435547
pitch: 4.45036506652832
name: nether
lastowner: 93b34a0b-c063-3ada-a38f-8f580cb0245a
