world: 1b4ec6d1-f711-43d5-a3c9-f78f06c29b1a
world-name: world
x: 40.63980956477602
y: 80.0
z: -37.17646878054327
yaw: -138.44668579101562
pitch: 8.50072193145752
name: pvp
lastowner: 93b34a0b-c063-3ada-a38f-8f580cb0245a
