world: 1b4ec6d1-f711-43d5-a3c9-f78f06c29b1a
world-name: world
x: 51.519962242225354
y: 80.0
z: 0.42756609525295086
yaw: 89.40338897705078
pitch: 9.85069465637207
name: rtp
lastowner: 93b34a0b-c063-3ada-a38f-8f580cb0245a
